
 TABLE 81--14.0% COMPOUND RATE—LEAP YEAR
-----------------------------------------------------------------------
 Days Factor Days Factor
-----------------------------------------------------------------------
 1 0.000382514
 2 0.000765174
 3 0.001147980
 4 0.001530933
 5 0.001914032
 6 0.002297278
 7 0.002680670
 8 0.003064209
 9 0.003447895
 10 0.003831728
 11 0.004215707
 12 0.004599833
 13 0.004984106
 14 0.005368526
 15 0.005753094
 16 0.006137808
 17 0.006522669
 18 0.006907678
 19 0.007292834
 20 0.007678137
 21 0.008063588
 22 0.008449186
 23 0.008834932
 24 0.009220825
 25 0.009606866
 26 0.009993054
 27 0.010379390
 28 0.010765874
 29 0.011152506
 30 0.011539285
 31 0.011926213
 32 0.012313289
 33 0.012700512
 34 0.013087884
 35 0.013475404
 36 0.013863072
 37 0.014250889
 38 0.014638853
 39 0.015026967
 40 0.015415228
 41 0.015803639
 42 0.016192197
 43 0.016580905
 44 0.016969761
 45 0.017358766
 46 0.017747919
 47 0.018137222
 48 0.018526673
 49 0.018916274
 50 0.019306023
 51 0.019695921
 52 0.020085969
 53 0.020476166
 54 0.020866512
 55 0.021257007
 56 0.021647652
 57 0.022038446
 58 0.022429390
 59 0.022820483
 60 0.023211726
 61 0.023603118
 62 0.023994661
 63 0.024386353
 64 0.024778194
 65 0.025170186
 66 0.025562328
 67 0.025954619
 68 0.026347061
 69 0.026739653
 70 0.027132395
 71 0.027525287
 72 0.027918329
 73 0.028311522
 74 0.028704865
 75 0.029098359
 76 0.029492003
 77 0.029885798
 78 0.030279743
 79 0.030673839
 80 0.031068086
 81 0.031462484
 82 0.031857032
 83 0.032251732
 84 0.032646582
 85 0.033041583
 86 0.033436736
 87 0.033832040
 88 0.034227494
 89 0.034623101
 90 0.035018858
 91 0.035414767
 92 0.035810827 
 TABLE 83--15.0% COMPOUND RATE—LEAP YEAR
-----------------------------------------------------------------------
 Days Factor Days Factor
-----------------------------------------------------------------------
 1 0.000409836
 2 0.000819840
 3 0.001230012
 4 0.001640352
 5 0.002050861
 6 0.002461537
 7 0.002872382
 8 0.003283395
 9 0.003694577
 10 0.004105927
 11 0.004517446
 12 0.004929134
 13 0.005340990
 14 0.005753015
 15 0.006165209
 16 0.006577572
 17 0.006990103
 18 0.007402804
 19 0.007815674
 20 0.008228713
 21 0.008641922
 22 0.009055300
 23 0.009468847
 24 0.009882564
 25 0.010296450
 26 0.010710506
 27 0.011124732
 28 0.011539127
 29 0.011953692
 30 0.012368427
 31 0.012783332
 32 0.013198407
 33 0.013613653
 34 0.014029068
 35 0.014444654
 36 0.014860410
 37 0.015276336
 38 0.015692433
 39 0.016108701
 40 0.016525139
 41 0.016941747
 42 0.017358527
 43 0.017775477
 44 0.018192598
 45 0.018609890
 46 0.019027353
 47 0.019444987
 48 0.019862792
 49 0.020280769
 50 0.020698917
 51 0.021117236
 52 0.021535727
 53 0.021954389
 54 0.022373223
 55 0.022792228
 56 0.023211405
 57 0.023630754
 58 0.024050275
 59 0.024469968
 60 0.024889833
 61 0.025309869
 62 0.025730078
 63 0.026150459
 64 0.026571013
 65 0.026991739
 66 0.027412637
 67 0.027833708
 68 0.028254951
 69 0.028676367
 70 0.029097956
 71 0.029519717
 72 0.029941652
 73 0.030363759
 74 0.030786039
 75 0.031208492
 76 0.031631119
 77 0.032053918
 78 0.032476891
 79 0.032900038
 80 0.033323357
 81 0.033746850
 82 0.034170517
 83 0.034594358
 84 0.035018372
 85 0.035442559
 86 0.035866921
 87 0.036291457
 88 0.036716166
 89 0.037141050
 90 0.037566108
 91 0.037991340
 92 0.038416746 
 TABLE 85--16.0% COMPOUND RATE—LEAP YEAR
-----------------------------------------------------------------------
 Days Factor Days Factor
-----------------------------------------------------------------------
 1 0.000437158
 2 0.000874508
 3 0.001312049
 4 0.001749781
 5 0.002187704
 6 0.002625819
 7 0.003064125
 8 0.003502623
 9 0.003941313
 10 0.004380195
 11 0.004819268
 12 0.005258533
 13 0.005697990
 14 0.006137640
 15 0.006577481
 16 0.007017515
 17 0.007457742
 18 0.007898160
 19 0.008338771
 20 0.008779575
 21 0.009220572
 22 0.009661761
 23 0.010103143
 24 0.010544718
 25 0.010986487
 26 0.011428448
 27 0.011870602
 28 0.012312950
 29 0.012755491
 30 0.013198226
 31 0.013641154
 32 0.014084276
 33 0.014527592
 34 0.014971101
 35 0.015414804
 36 0.015858701
 37 0.016302793
 38 0.016747078
 39 0.017191558
 40 0.017636231
 41 0.018081100
 42 0.018526163
 43 0.018971420
 44 0.019416872
 45 0.019862519
 46 0.020308360
 47 0.020754397
 48 0.021200628
 49 0.021647054
 50 0.022093676
 51 0.022540493
 52 0.022987505
 53 0.023434713
 54 0.023882116
 55 0.024329715
 56 0.024777509
 57 0.025225499
 58 0.025673685
 59 0.026122067
 60 0.026570645
 61 0.027019419
 62 0.027468390
 63 0.027917556
 64 0.028366919
 65 0.028816478
 66 0.029266234
 67 0.029716187
 68 0.030166336
 69 0.030616682
 70 0.031067224
 71 0.031517964
 72 0.031968901
 73 0.032420035
 74 0.032871366
 75 0.033322895
 76 0.033774620
 77 0.034226544
 78 0.034678665
 79 0.035130983
 80 0.035583500
 81 0.036036214
 82 0.036489126
 83 0.036942236
 84 0.037395544
 85 0.037849050
 86 0.038302754
 87 0.038756657
 88 0.039210759
 89 0.039665058
 90 0.040119557
 91 0.040574254
 92 0.041029150 
 TABLE 87--17.0% COMPOUND RATE—LEAP YEAR
-----------------------------------------------------------------------
 Days Factor Days Factor
-----------------------------------------------------------------------
 1 0.000464481
 2 0.000929177
 3 0.001394090
 4 0.001859218
 5 0.002324563
 6 0.002790123
 7 0.003255900
 8 0.003721893
 9 0.004188103
 10 0.004654529
 11 0.005121172
 12 0.005588032
 13 0.006055108
 14 0.006522401
 15 0.006989912
 16 0.007457639
 17 0.007925584
 18 0.008393746
 19 0.008862126
 20 0.009330723
 21 0.009799538
 22 0.010268570
 23 0.010737821
 24 0.011207289
 25 0.011676976
 26 0.012146880
 27 0.012617003
 28 0.013087344
 29 0.013557904
 30 0.014028682
 31 0.014499679
 32 0.014970895
 33 0.015442330
 34 0.015913983
 35 0.016385856
 36 0.016857947
 37 0.017330259
 38 0.017802789
 39 0.018275539
 40 0.018748508
 41 0.019221698
 42 0.019695107
 43 0.020168735
 44 0.020642584
 45 0.021116653
 46 0.021590942
 47 0.022065452
 48 0.022540182
 49 0.023015132
 50 0.023490303
 51 0.023965695
 52 0.024441307
 53 0.024917141
 54 0.025393195
 55 0.025869471
 56 0.026345967
 57 0.026822685
 58 0.027299625
 59 0.027776786
 60 0.028254169
 61 0.028731773
 62 0.029209599
 63 0.029687647
 64 0.030165918
 65 0.030644410
 66 0.031123125
 67 0.031602062
 68 0.032081221
 69 0.032560603
 70 0.033040208
 71 0.033520035
 72 0.034000085
 73 0.034480359
 74 0.034960855
 75 0.035441574
 76 0.035922517
 77 0.036403683
 78 0.036885073
 79 0.037366686
 80 0.037848523
 81 0.038330584
 82 0.038812869
 83 0.039295378
 84 0.039778110
 85 0.040261068
 86 0.040744249
 87 0.041227655
 88 0.041711285
 89 0.042195140
 90 0.042679220
 91 0.043163524
 92 0.043648054 
 TABLE 89--18.0% COMPOUND RATE—LEAP YEAR
-----------------------------------------------------------------------
 Days Factor Days Factor
-----------------------------------------------------------------------
 1 0.000491803
 2 0.000983848
 3 0.001476136
 4 0.001968665
 5 0.002461436
 6 0.002954450
 7 0.003447706
 8 0.003941205
 9 0.004434947
 10 0.004928931
 11 0.005423159
 12 0.005917629
 13 0.006412343
 14 0.006907299
 15 0.007402500
 16 0.007897944
 17 0.008393631
 18 0.008889562
 19 0.009385738
 20 0.009882157
 21 0.010378820
 22 0.010875728
 23 0.011372880
 24 0.011870276
 25 0.012367917
 26 0.012865803
 27 0.013363934
 28 0.013862310
 29 0.014360931
 30 0.014859797
 31 0.015358908
 32 0.015858265
 33 0.016357867
 34 0.016857715
 35 0.017357809
 36 0.017858149
 37 0.018358735
 38 0.018859567
 39 0.019360646
 40 0.019861971
 41 0.020363542
 42 0.020865360
 43 0.021367425
 44 0.021869737
 45 0.022372296
 46 0.022875102
 47 0.023378155
 48 0.023881456
 49 0.024385004
 50 0.024888800
 51 0.025392844
 52 0.025897135
 53 0.026401675
 54 0.026906463
 55 0.027411499
 56 0.027916783
 57 0.028422316
 58 0.028928097
 59 0.029434128
 60 0.029940407
 61 0.030446935
 62 0.030953712
 63 0.031460738
 64 0.031968014
 65 0.032475539
 66 0.032983314
 67 0.033491339
 68 0.033999613
 69 0.034508138
 70 0.035016912
 71 0.035525937
 72 0.036035212
 73 0.036544737
 74 0.037054514
 75 0.037564540
 76 0.038074818
 77 0.038585347
 78 0.039096126
 79 0.039607157
 80 0.040118439
 81 0.040629973
 82 0.041141758
 83 0.041653795
 84 0.042166084
 85 0.042678625
 86 0.043191417
 87 0.043704462
 88 0.044217760
 89 0.044731309
 90 0.045245112
 91 0.045759167
 92 0.046273474 
 TABLE 91--19.0% COMPOUND RATE—LEAP YEAR
-----------------------------------------------------------------------
 Days Factor Days Factor
-----------------------------------------------------------------------
 1 0.000519126
 2 0.001038521
 3 0.001558186
 4 0.002078120
 5 0.002598325
 6 0.003118799
 7 0.003639544
 8 0.004160559
 9 0.004681845
 10 0.005203401
 11 0.005725228
 12 0.006247325
 13 0.006769694
 14 0.007292334
 15 0.007815246
 16 0.008338428
 17 0.008861883
 18 0.009385609
 19 0.009909607
 20 0.010433877
 21 0.010958419
 22 0.011483234
 23 0.012008320
 24 0.012533680
 25 0.013059312
 26 0.013585217
 27 0.014111395
 28 0.014637847
 29 0.015164571
 30 0.015691569
 31 0.016218841
 32 0.016746386
 33 0.017274205
 34 0.017802298
 35 0.018330666
 36 0.018859307
 37 0.019388223
 38 0.019917414
 39 0.020446879
 40 0.020976620
 41 0.021506635
 42 0.022036925
 43 0.022567491
 44 0.023098332
 45 0.023629448
 46 0.024160841
 47 0.024692509
 48 0.025224453
 49 0.025756673
 50 0.026289170
 51 0.026821943
 52 0.027354993
 53 0.027888319
 54 0.028421922
 55 0.028955803
 56 0.029489960
 57 0.030024395
 58 0.030559107
 59 0.031094096
 60 0.031629364
 61 0.032164909
 62 0.032700733
 63 0.033236834
 64 0.033773214
 65 0.034309872
 66 0.034846809
 67 0.035384024
 68 0.035921519
 69 0.036459292
 70 0.036997345
 71 0.037535677
 72 0.038074288
 73 0.038613179
 74 0.039152350
 75 0.039691801
 76 0.040231531
 77 0.040771542
 78 0.041311834
 79 0.041852405
 80 0.042393258
 81 0.042934391
 82 0.043475805
 83 0.044017500
 84 0.044559476
 85 0.045101734
 86 0.045644273
 87 0.046187094
 88 0.046730196
 89 0.047273581
 90 0.047817248
 91 0.048361196
 92 0.048905428 
 TABLE 93--20.0% COMPOUND RATE—LEAP YEAR
-----------------------------------------------------------------------
 Days Factor Days Factor
-----------------------------------------------------------------------
 1 0.000546448
 2 0.001093195
 3 0.001640240
 4 0.002187585
 5 0.002735228
 6 0.003283171
 7 0.003831413
 8 0.004379955
 9 0.004928796
 10 0.005477938
 11 0.006027379
 12 0.006577121
 13 0.007127163
 14 0.007677506
 15 0.008228149
 16 0.008779094
 17 0.009330339
 18 0.009881886
 19 0.010433734
 20 0.010985883
 21 0.011538335
 22 0.012091088
 23 0.012644143
 24 0.013197500
 25 0.013751160
 26 0.014305123
 27 0.014859388
 28 0.015413956
 29 0.015968827
 30 0.016524001
 31 0.017079479
 32 0.017635260
 33 0.018191345
 34 0.018747733
 35 0.019304426
 36 0.019861423
 37 0.020418724
 38 0.020976330
 39 0.021534241
 40 0.022092456
 41 0.022650977
 42 0.023209802
 43 0.023768933
 44 0.024328370
 45 0.024888112
 46 0.025448160
 47 0.026008514
 48 0.026569175
 49 0.027130142
 50 0.027691415
 51 0.028252995
 52 0.028814882
 53 0.029377076
 54 0.029939577
 55 0.030502385
 56 0.031065501
 57 0.031628925
 58 0.032192657
 59 0.032756697
 60 0.033321045
 61 0.033885701
 62 0.034450666
 63 0.035015939
 64 0.035581522
 65 0.036147413
 66 0.036713614
 67 0.037280124
 68 0.037846944
 69 0.038414073
 70 0.038981513
 71 0.039549262
 72 0.040117322
 73 0.040685692
 74 0.041254373
 75 0.041823364
 76 0.042392667
 77 0.042962280
 78 0.043532205
 79 0.044102441
 80 0.044672989
 81 0.045243848
 82 0.045815020
 83 0.046386504
 84 0.046958299
 85 0.047530408
 86 0.048102829
 87 0.048675563
 88 0.049248609
 89 0.049821969
 90 0.050395642
 91 0.050969629
 92 0.051543929
 
 TABLE 95--21.0% COMPOUND RATE—LEAP YEAR
-----------------------------------------------------------------------
 Days Factor Days Factor
-----------------------------------------------------------------------
 1 0.000573770
 2 0.001147870
 3 0.001722299
 4 0.002297058
 5 0.002872146
 6 0.003447565
 7 0.004023314
 8 0.004599392
 9 0.005175802
 10 0.005752542
 11 0.006329613
 12 0.006907016
 13 0.007484749
 14 0.008062814
 15 0.008641211
 16 0.009219939
 17 0.009799000
 18 0.010378393
 19 0.010958118
 20 0.011538176
 21 0.012118567
 22 0.012699291
 23 0.013280348
 24 0.013861738
 25 0.014443462
 26 0.015025520
 27 0.015607911
 28 0.016190637
 29 0.016773697
 30 0.017357092
 31 0.017940822
 32 0.018524886
 33 0.019109286
 34 0.019694020
 35 0.020279091
 36 0.020864497
 37 0.021450239
 38 0.022036317
 39 0.022622731
 40 0.023209482
 41 0.023796569
 42 0.024383993
 43 0.024971755
 44 0.025559853
 45 0.026148289
 46 0.026737063
 47 0.027326174
 48 0.027915624
 49 0.028505411
 50 0.029095537
 51 0.029686002
 52 0.030276805
 53 0.030867948
 54 0.031459430
 55 0.032051251
 56 0.032643411
 57 0.033235911
 58 0.033828752
 59 0.034421932
 60 0.035015453
 61 0.035609314
 62 0.036203516
 63 0.036798059
 64 0.037392943
 65 0.037988169
 66 0.038583736
 67 0.039179645
 68 0.039775895
 69 0.040372488
 70 0.040969423
 71 0.041566700
 72 0.042164321
 73 0.042762284
 74 0.043360590
 75 0.043959240
 76 0.044558233
 77 0.045157569
 78 0.045757250
 79 0.046357274
 80 0.046957643
 81 0.047558357
 82 0.048159415
 83 0.048760818
 84 0.049362566
 85 0.049964659
 86 0.050567098
 87 0.051169882
 88 0.051773013
 89 0.052376489
 90 0.052980311
 91 0.053584480
 92 0.054188996 
 TABLE 97--22.0% COMPOUND RATE—LEAP YEAR
-----------------------------------------------------------------------
 Days Factor Days Factor
-----------------------------------------------------------------------
 1 0.000601093
 2 0.001202547
 3 0.001804363
 4 0.002406540
 5 0.003009080
 6 0.003611981
 7 0.004215245
 8 0.004818872
 9 0.005422862
 10 0.006027214
 11 0.006631930
 12 0.007237009
 13 0.007842452
 14 0.008448259
 15 0.009054430
 16 0.009660966
 17 0.010267866
 18 0.010875131
 19 0.011482760
 20 0.012090756
 21 0.012699116
 22 0.013307842
 23 0.013916935
 24 0.014526393
 25 0.015136217
 26 0.015746409
 27 0.016356967
 28 0.016967891
 29 0.017579184
 30 0.018190843
 31 0.018802871
 32 0.019415266
 33 0.020028029
 34 0.020641161
 35 0.021254661
 36 0.021868530
 37 0.022482768
 38 0.023097375
 39 0.023712351
 40 0.024327697
 41 0.024943414
 42 0.025559500
 43 0.026175956
 44 0.026792783
 45 0.027409981
 46 0.028027550
 47 0.028645490
 48 0.029263802
 49 0.029882485
 50 0.030501540
 51 0.031120967
 52 0.031740766
 53 0.032360939
 54 0.032981483
 55 0.033602401
 56 0.034223692
 57 0.034845357
 58 0.035467395
 59 0.036089807
 60 0.036712593
 61 0.037335754
 62 0.037959289
 63 0.038583199
 64 0.039207484
 65 0.039832144
 66 0.040457180
 67 0.041082591
 68 0.041708379
 69 0.042334542
 70 0.042961082
 71 0.043587999
 72 0.044215292
 73 0.044842962
 74 0.045471010
 75 0.046099435
 76 0.046728238
 77 0.047357419
 78 0.047986978
 79 0.048616916
 80 0.049247232
 81 0.049877927
 82 0.050509001
 83 0.051140455
 84 0.051772288
 85 0.052404500
 86 0.053037093
 87 0.053670066
 88 0.054303420
 89 0.054937154
 90 0.055571270
 91 0.056205766
 92 0.056840644 
 TABLE 99--23.0% COMPOUND RATE—LEAP YEAR
-----------------------------------------------------------------------
 Days Factor Days Factor
-----------------------------------------------------------------------
 1 0.000628415
 2 0.001257226
 3 0.001886431
 4 0.002516032
 5 0.003146028
 6 0.003776420
 7 0.004407209
 8 0.005038394
 9 0.005669975
 10 0.006301954
 11 0.006934329
 12 0.007567102
 13 0.008200273
 14 0.008833841
 15 0.009467808
 16 0.010102173
 17 0.010736936
 18 0.011372099
 19 0.012007661
 20 0.012643622
 21 0.013279983
 22 0.013916743
 23 0.014553904
 24 0.015191465
 25 0.015829427
 26 0.016467790
 27 0.017106554
 28 0.017745719
 29 0.018385286
 30 0.019025255
 31 0.019665626
 32 0.020306399
 33 0.020947576
 34 0.021589155
 35 0.022231137
 36 0.022873523
 37 0.023516312
 38 0.024159505
 39 0.024803103
 40 0.025447105
 41 0.026091511
 42 0.026736323
 43 0.027381540
 44 0.028027162
 45 0.028673190
 46 0.029319624
 47 0.029966464
 48 0.030613711
 49 0.031261364
 50 0.031909425
 51 0.032557892
 52 0.033206768
 53 0.033856051
 54 0.034505742
 55 0.035155841
 56 0.035806349
 57 0.036457265
 58 0.037108591
 59 0.037760326
 60 0.038412470
 61 0.039065024
 62 0.039717989
 63 0.040371363
 64 0.041025149
 65 0.041679345
 66 0.042333952
 67 0.042988971
 68 0.043644401
 69 0.044300243
 70 0.044956497
 71 0.045613164
 72 0.046270243
 73 0.046927735
 74 0.047585641
 75 0.048243960
 76 0.048902692
 77 0.049561839
 78 0.050221399
 79 0.050881375
 80 0.051541765
 81 0.052202570
 82 0.052863790
 83 0.053525425
 84 0.054187477
 85 0.054849944
 86 0.055512828
 87 0.056176129
 88 0.056839846
 89 0.057503980
 90 0.058168532
 91 0.058833501
 92 0.059498888 
 TABLE 101--24.0% COMPOUND RATE—LEAP YEAR
-----------------------------------------------------------------------
 Days Factor Days Factor
-----------------------------------------------------------------------
 1 0.000655738
 2 0.001311905
 3 0.001968503
 4 0.002625532
 5 0.003282991
 6 0.003940882
 7 0.004599204
 8 0.005257957
 9 0.005917143
 10 0.006576761
 11 0.007236811
 12 0.007897294
 13 0.008558210
 14 0.009219560
 15 0.009881343
 16 0.010543561
 17 0.011206212
 18 0.011869298
 19 0.012532819
 20 0.013196775
 21 0.013861166
 22 0.014525993
 23 0.015191256
 24 0.015856955
 25 0.016523091
 26 0.017189664
 27 0.017856673
 28 0.018524120
 29 0.019192005
 30 0.019860327
 31 0.020529088
 32 0.021198288
 33 0.021867926
 34 0.022538003
 35 0.023208520
 36 0.023879476
 37 0.024550873
 38 0.025222709
 39 0.025894987
 40 0.026567705
 41 0.027240864
 42 0.027914464
 43 0.028588507
 44 0.029262991
 45 0.029937917
 46 0.030613287
 47 0.031289099
 48 0.031965354
 49 0.032642052
 50 0.033319195
 51 0.033996781
 52 0.034674812
 53 0.035353287
 54 0.036032207
 55 0.036711573
 56 0.037391383
 57 0.038071640
 58 0.038752343
 59 0.039433492
 60 0.040115088
 61 0.040797130
 62 0.041479620
 63 0.042162558
 64 0.042845943
 65 0.043529776
 66 0.044214058
 67 0.044898789
 68 0.045583968
 69 0.046269597
 70 0.046955675
 71 0.047642204
 72 0.048329182
 73 0.049016611
 74 0.049704491
 75 0.050392822
 76 0.051081604
 77 0.051770838
 78 0.052460524
 79 0.053150662
 80 0.053841252
 81 0.054532296
 82 0.055223792
 83 0.055915742
 84 0.056608146
 85 0.057301004
 86 0.057994316
 87 0.058688083
 88 0.059382304
 89 0.060076981
 90 0.060772114
 91 0.061467702
 92 0.062163747 