
 TABLE 11--3.0% COMPOUND RATE
-----------------------------------------------------------------------
 Days Factor Days Factor
-----------------------------------------------------------------------

 1 0.000082192
 2 0.000164390
 3 0.000246596
 4 0.000328808
 5 0.000411026
 6 0.000493252
 7 0.000575484
 8 0.000657723
 9 0.000739969
 10 0.000822222
 11 0.000904481
 12 0.000986747
 13 0.001069020
 14 0.001151300
 15 0.001233586
 16 0.001315879
 17 0.001398179
 18 0.001480486
 19 0.001562800
 20 0.001645120
 21 0.001727447
 22 0.001809781
 23 0.001892121
 24 0.001974468
 25 0.002056822
 26 0.002139183
 27 0.002221551
 28 0.002303925
 29 0.002386306
 30 0.002468694
 31 0.002551089
 32 0.002633490
 33 0.002715899
 34 0.002798314
 35 0.002880735
 36 0.002963164
 37 0.003045599
 38 0.003128041
 39 0.003210490
 40 0.003292946
 41 0.003375408
 42 0.003457878
 43 0.003540354
 44 0.003622836
 45 0.003705326
 46 0.003787822
 47 0.003870325
 48 0.003952835
 49 0.004035352
 50 0.004117875
 51 0.004200406
 52 0.004282943
 53 0.004365486
 54 0.004448037
 55 0.004530594
 56 0.004613159
 57 0.004695730
 58 0.004778307
 59 0.004860892
 60 0.004943483
 61 0.005026081
 62 0.005108686
 63 0.005191298
 64 0.005273916
 65 0.005356541
 66 0.005439173
 67 0.005521812
 68 0.005604458
 69 0.005687110
 70 0.005769770
 71 0.005852436
 72 0.005935108
 73 0.006017788
 74 0.006100474
 75 0.006183168
 76 0.006265868
 77 0.006348574
 78 0.006431288
 79 0.006514008
 80 0.006596736
 81 0.006679469
 82 0.006762210
 83 0.006844958
 84 0.006927712
 85 0.007010473
 86 0.007093241
 87 0.007176016
 88 0.007258798
 89 0.007341586
 90 0.007424381
 91 0.007507183
 92 0.007589992 

 TABLE 13--4.0% COMPOUND RATE
-----------------------------------------------------------------------
 Days Factor Days Factor
-----------------------------------------------------------------------
 1 0.000109589
 2 0.000219190
 3 0.000328803
 4 0.000438428
 5 0.000548065
 6 0.000657714
 7 0.000767376
 8 0.000877049
 9 0.000986734
 10 0.001096431
 11 0.001206140
 12 0.001315861
 13 0.001425595
 14 0.001535340
 15 0.001645097
 16 0.001754867
 17 0.001864648
 18 0.001974441
 19 0.002084247
 20 0.002194064
 21 0.002303894
 22 0.002413735
 23 0.002523589
 24 0.002633454
 25 0.002743332
 26 0.002853222
 27 0.002963123
 28 0.003073037
 29 0.003182963
 30 0.003292901
 31 0.003402851
 32 0.003512813
 33 0.003622787
 34 0.003732773
 35 0.003842771
 36 0.003952781
 37 0.004062803
 38 0.004172838
 39 0.004282884
 40 0.004392942
 41 0.004503013
 42 0.004613095
 43 0.004723190
 44 0.004833296
 45 0.004943415
 46 0.005053546
 47 0.005163689
 48 0.005273844
 49 0.005384011
 50 0.005494190
 51 0.005604381
 52 0.005714584
 53 0.005824799
 54 0.005935027
 55 0.006045266
 56 0.006155518
 57 0.006265781
 58 0.006376057
 59 0.006486345
 60 0.006596645
 61 0.006706957
 62 0.006817281
 63 0.006927617
 64 0.007037965
 65 0.007148326
 66 0.007258698
 67 0.007369082
 68 0.007479479
 69 0.007589888
 70 0.007700309
 71 0.007810742
 72 0.007921187
 73 0.008031644
 74 0.008142113
 75 0.008252594
 76 0.008363088
 77 0.008473593
 78 0.008584111
 79 0.008694641
 80 0.008805182
 81 0.008915736
 82 0.009026303
 83 0.009136881
 84 0.009247471
 85 0.009358074
 86 0.009468688
 87 0.009579315
 88 0.009689954
 89 0.009800605
 90 0.009911268
 91 0.010021943
 92 0.010132630
 93 0.010243330 
 
 TABLE 15--5.0% COMPOUND RATE
-----------------------------------------------------------------------
 Days Factor Days Factor
-----------------------------------------------------------------------
 1 0.000136986
 2 0.000273991
 3 0.000411015
 4 0.000548058
 5 0.000685119
 6 0.000822199
 7 0.000959298
 8 0.001096416
 9 0.001233552
 10 0.001370708
 11 0.001507882
 12 0.001645075
 13 0.001782286
 14 0.001919517
 15 0.002056766
 16 0.002194034
 17 0.002331321
 18 0.002468627
 19 0.002605951
 20 0.002743294
 21 0.002880656
 22 0.003018037
 23 0.003155437
 24 0.003292856
 25 0.003430293
 26 0.003567749
 27 0.003705224
 28 0.003842718
 29 0.003980231
 30 0.004117762
 31 0.004255313
 32 0.004392882
 33 0.004530470
 34 0.004668077
 35 0.004805703
 36 0.004943347
 37 0.005081011
 38 0.005218693
 39 0.005356394
 40 0.005494114
 41 0.005631853
 42 0.005769611
 43 0.005907388
 44 0.006045183
 45 0.006182998
 46 0.006320831
 47 0.006458683
 48 0.006596554
 49 0.006734444
 50 0.006872353
 51 0.007010281
 52 0.007148227
 53 0.007286193
 54 0.007424177
 55 0.007562181
 56 0.007700203
 57 0.007838244
 58 0.007976304
 59 0.008114383
 60 0.008252481
 61 0.008390597
 62 0.008528733
 63 0.008666888
 64 0.008805061
 65 0.008943254
 66 0.009081465
 67 0.009219696
 68 0.009357945
 69 0.009496213
 70 0.009634500
 71 0.009772806
 72 0.009911131
 73 0.010049475
 74 0.010187838
 75 0.010326220
 76 0.010464621
 77 0.010603041
 78 0.010741480
 79 0.010879937
 80 0.011018414
 81 0.011156910
 82 0.011295424
 83 0.011433958
 84 0.011572511
 85 0.011711082
 86 0.011849673
 87 0.011988282
 88 0.012126911
 89 0.012265558
 90 0.012404225
 91 0.012542910
 92 0.012681615
 
 TABLE 17--6.0% COMPOUND RATE
-----------------------------------------------------------------------
 Days Factor Days Factor
-----------------------------------------------------------------------
 1 0.000164384
 2 0.000328794
 3 0.000493232
 4 0.000657696
 5 0.000822188
 6 0.000986707
 7 0.001151253
 8 0.001315825
 9 0.001480425
 10 0.001645052
 11 0.001809706
 12 0.001974387
 13 0.002139095
 14 0.002303830
 15 0.002468593
 16 0.002633382
 17 0.002798199
 18 0.002963042
 19 0.003127913
 20 0.003292810
 21 0.003457735
 22 0.003622687
 23 0.003787666
 24 0.003952673
 25 0.004117706
 26 0.004282766
 27 0.004447854
 28 0.004612969
 29 0.004778110
 30 0.004943279
 31 0.005108476
 32 0.005273699
 33 0.005438949
 34 0.005604227
 35 0.005769532
 36 0.005934864
 37 0.006100223
 38 0.006265609
 39 0.006431023
 40 0.006596464
 41 0.006761931
 42 0.006927427
 43 0.007092949
 44 0.007258498
 45 0.007424075
 46 0.007589679
 47 0.007755310
 48 0.007920969
 49 0.008086654
 50 0.008252367
 51 0.008418107
 52 0.008583875
 53 0.008749669
 54 0.008915491
 55 0.009081340
 56 0.009247217
 57 0.009413120
 58 0.009579051
 59 0.009745009
 60 0.009910995
 61 0.010077008
 62 0.010243048
 63 0.010409115
 64 0.010575210
 65 0.010741332
 66 0.010907481
 67 0.011073658
 68 0.011239861
 69 0.011406093
 70 0.011572351
 71 0.011738637
 72 0.011904950
 73 0.012071291
 74 0.012237659
 75 0.012404054
 76 0.012570476
 77 0.012736926
 78 0.012903404
 79 0.013069908
 80 0.013236440
 81 0.013403000
 82 0.013569587
 83 0.013736201
 84 0.013902842
 85 0.014069511
 86 0.014236208
 87 0.014402931
 88 0.014569683
 89 0.014736461
 90 0.014903267
 91 0.015070101
 92 0.015236961 
 
 TABLE 19--7.0% COMPOUND RATE
-----------------------------------------------------------------------
 Days Factor Days Factor
-----------------------------------------------------------------------

 1 0.000191781
 2 0.000383598
 3 0.000575453
 4 0.000767344
 5 0.000959272
 6 0.001151237
 7 0.001343238
 8 0.001535277
 9 0.001727352
 10 0.001919464
 11 0.002111613
 12 0.002303799
 13 0.002496022
 14 0.002688281
 15 0.002880577
 16 0.003072911
 17 0.003265281
 18 0.003457688
 19 0.003650132
 20 0.003842613
 21 0.004035130
 22 0.004227685
 23 0.004420277
 24 0.004612905
 25 0.004805571
 26 0.004998273
 27 0.005191013
 28 0.005383789
 29 0.005576602
 30 0.005769453
 31 0.005962340
 32 0.006155264
 33 0.006348225
 34 0.006541224
 35 0.006734259
 36 0.006927331
 37 0.007120441
 38 0.007313587
 39 0.007506771
 40 0.007699991
 41 0.007893249
 42 0.008086543
 43 0.008279875
 44 0.008473244
 45 0.008666649
 46 0.008860092
 47 0.009053572
 48 0.009247089
 49 0.009440644
 50 0.009634235
 51 0.009827864
 52 0.010021529
 53 0.010215232
 54 0.010408972
 55 0.010602749
 56 0.010796563
 57 0.010990414
 58 0.011184303
 59 0.011378229
 60 0.011572192
 61 0.011766192
 62 0.011960229
 63 0.012154304
 64 0.012348416
 65 0.012542565
 66 0.012736751
 67 0.012930974
 68 0.013125235
 69 0.013319533
 70 0.013513868
 71 0.013708241
 72 0.013902651
 73 0.014097098
 74 0.014291582
 75 0.014486104
 76 0.014680663
 77 0.014875259
 78 0.015069893
 79 0.015264564
 80 0.015459272
 81 0.015654017
 82 0.015848800
 83 0.016043621
 84 0.016238478
 85 0.016433373
 86 0.016628306
 87 0.016823276
 88 0.017018283
 89 0.017213328
 90 0.017408410
 91 0.017603529
 92 0.017798686
 
 TABLE 21--8.0% COMPOUND RATE
-----------------------------------------------------------------------
 Days Factor Days Factor
-----------------------------------------------------------------------
 1 0.000219178
 2 0.000438404
 3 0.000657678
 4 0.000877001
 5 0.001096371
 6 0.001315789
 7 0.001535256
 8 0.001754770
 9 0.001974333
 10 0.002193944
 11 0.002413603
 12 0.002633310
 13 0.002853065
 14 0.003072869
 15 0.003292720
 16 0.003512620
 17 0.003732568
 18 0.003952564
 19 0.004172608
 20 0.004392701
 21 0.004612842
 22 0.004833031
 23 0.005053268
 24 0.005273554
 25 0.005493888
 26 0.005714270
 27 0.005934701
 28 0.006155180
 29 0.006375707
 30 0.006596282
 31 0.006816906
 32 0.007037578
 33 0.007258299
 34 0.007479068
 35 0.007699885
 36 0.007920751
 37 0.008141665
 38 0.008362628
 39 0.008583639
 40 0.008804698
 41 0.009025806
 42 0.009246962
 43 0.009468167
 44 0.009689420
 45 0.009910722
 46 0.010132072
 47 0.010353471
 48 0.010574919
 49 0.010796414
 50 0.011017959
 51 0.011239552
 52 0.011461193
 53 0.011682883
 54 0.011904622
 55 0.012126410
 56 0.012348245
 57 0.012570130
 58 0.012792063
 59 0.013014045
 60 0.013236075
 61 0.013458155
 62 0.013680282
 63 0.013902459
 64 0.014124684
 65 0.014346958
 66 0.014569281
 67 0.014791652
 68 0.015014072
 69 0.015236541
 70 0.015459059
 71 0.015681625
 72 0.015904240
 73 0.016126904
 74 0.016349617
 75 0.016572378
 76 0.016795189
 77 0.017018048
 78 0.017240956
 79 0.017463913
 80 0.017686919
 81 0.017909973
 82 0.018133077
 83 0.018356229
 84 0.018579431
 85 0.018802681
 86 0.019025980
 87 0.019249328
 88 0.019472725
 89 0.019696172
 90 0.019919667
 91 0.020143211
 92 0.020366804 
 
 TABLE 23--9.0% COMPOUND RATE
-----------------------------------------------------------------------
 Days Factor Days Factor
-----------------------------------------------------------------------
 1 0.000246575
 2 0.000493211
 3 0.000739908
 4 0.000986666
 5 0.001233485
 6 0.001480364
 7 0.001727305
 8 0.001974306
 9 0.002221368
 10 0.002468491
 11 0.002715675
 12 0.002962920
 13 0.003210226
 14 0.003457593
 15 0.003705021
 16 0.003952510
 17 0.004200060
 18 0.004447671
 19 0.004695343
 20 0.004943076
 21 0.005190870
 22 0.005438725
 23 0.005686642
 24 0.005934619
 25 0.006182658
 26 0.006430758
 27 0.006678919
 28 0.006927141
 29 0.007175424
 30 0.007423769
 31 0.007672175
 32 0.007920642
 33 0.008169170
 34 0.008417760
 35 0.008666411
 36 0.008915123
 37 0.009163897
 38 0.009412732
 39 0.009661628
 40 0.009910586
 41 0.010159605
 42 0.010408685
 43 0.010657827
 44 0.010907030
 45 0.011156295
 46 0.011405621
 47 0.011655009
 48 0.011904458
 49 0.012153969
 50 0.012403541
 51 0.012653175
 52 0.012902870
 53 0.013152627
 54 0.013402445
 55 0.013652326
 56 0.013902267
 57 0.014152270
 58 0.014402335
 59 0.014652462
 60 0.014902650
 61 0.015152900
 62 0.015403212
 63 0.015653585
 64 0.015904020
 65 0.016154517
 66 0.016405076
 67 0.016655696
 68 0.016906379
 69 0.017157123
 70 0.017407929
 71 0.017658796
 72 0.017909726
 73 0.018160717
 74 0.018411771
 75 0.018662886
 76 0.018914063
 77 0.019165302
 78 0.019416603
 79 0.019667966
 80 0.019919391
 81 0.020170878
 82 0.020422427
 83 0.020674038
 84 0.020925711
 85 0.021177446
 86 0.021429243
 87 0.021681103
 88 0.021933024
 89 0.022185008
 90 0.022437053
 91 0.022689161
 92 0.022941331 
 
 TABLE 25--10.0% COMPOUND RATE
-----------------------------------------------------------------------
 Days Factor Days Factor
-----------------------------------------------------------------------
 1 0.000273973
 2 0.000548020
 3 0.000822143
 4 0.001096341
 5 0.001370614
 6 0.001644962
 7 0.001919385
 8 0.002193884
 9 0.002468457
 10 0.002743106
 11 0.003017830
 12 0.003292630
 13 0.003567504
 14 0.003842454
 15 0.004117480
 16 0.004392580
 17 0.004667757
 18 0.004943008
 19 0.005218335
 20 0.005493737
 21 0.005769215
 22 0.006044768
 23 0.006320397
 24 0.006596101
 25 0.006871881
 26 0.007147736
 27 0.007423667
 28 0.007699673
 29 0.007975756
 30 0.008251913
 31 0.008528147
 32 0.008804456
 33 0.009080841
 34 0.009357301
 35 0.009633837
 36 0.009910449
 37 0.010187137
 38 0.010463901
 39 0.010740740
 40 0.011017655
 41 0.011294647
 42 0.011571714
 43 0.011848856
 44 0.012126075
 45 0.012403370
 46 0.012680741
 47 0.012958188
 48 0.013235711
 49 0.013513309
 50 0.013790984
 51 0.014068735
 52 0.014346562
 53 0.014624465
 54 0.014902445
 55 0.015180500
 56 0.015458632
 57 0.015736840
 58 0.016015124
 59 0.016293484
 60 0.016571921
 61 0.016850433
 62 0.017129023
 63 0.017407688
 64 0.017686430
 65 0.017965248
 66 0.018244143
 67 0.018523114
 68 0.018802161
 69 0.019081285
 70 0.019360485
 71 0.019639762
 72 0.019919116
 73 0.020198545
 74 0.020478052
 75 0.020757635
 76 0.021037295
 77 0.021317031
 78 0.021596844
 79 0.021876733
 80 0.022156699
 81 0.022436742
 82 0.022716862
 83 0.022997058
 84 0.023277332
 85 0.023557682
 86 0.023838108
 87 0.024118612
 88 0.024399192
 89 0.024679850
 90 0.024960584
 91 0.025241395
 92 0.025522283 
 TABLE 27--11.0% COMPOUND RATE
-----------------------------------------------------------------------
 Days Factor Days Factor
-----------------------------------------------------------------------
 1 0.000301370
 2 0.000602831
 3 0.000904382
 4 0.001206025
 5 0.001507758
 6 0.001809582
 7 0.002111497
 8 0.002413504
 9 0.002715601
 10 0.003017789
 11 0.003320068
 12 0.003622439
 13 0.003924900
 14 0.004227453
 15 0.004530097
 16 0.004832832
 17 0.005135658
 18 0.005438576
 19 0.005741585
 20 0.006044685
 21 0.006347877
 22 0.006651159
 23 0.006954534
 24 0.007258000
 25 0.007561557
 26 0.007865205
 27 0.008168946
 28 0.008472777
 29 0.008776701
 30 0.009080716
 31 0.009384822
 32 0.009689020
 33 0.009993310
 34 0.010297692
 35 0.010602165
 36 0.010906730
 37 0.011211387
 38 0.011516135
 39 0.011820976
 40 0.012125908
 41 0.012430933
 42 0.012736049
 43 0.013041257
 44 0.013346557
 45 0.013651949
 46 0.013957433
 47 0.014263009
 48 0.014568678
 49 0.014874438
 50 0.015180291
 51 0.015486235
 52 0.015792272
 53 0.016098402
 54 0.016404623
 55 0.016710937
 56 0.017017343
 57 0.017323841
 58 0.017630432
 59 0.017937115
 60 0.018243891
 61 0.018550759
 62 0.018857719
 63 0.019164772
 64 0.019471918
 65 0.019779156
 66 0.020086486
 67 0.020393910
 68 0.020701426
 69 0.021009034
 70 0.021316736
 71 0.021624530
 72 0.021932417
 73 0.022240396
 74 0.022548469
 75 0.022856634
 76 0.023164892
 77 0.023473243
 78 0.023781687
 79 0.024090224
 80 0.024398854
 81 0.024707577
 82 0.025016393
 83 0.025325302
 84 0.025634304
 85 0.025943400
 86 0.026252588
 87 0.026561870
 88 0.026871244
 89 0.027180712
 90 0.027490274
 91 0.027799928
 92 0.028109676 
 TABLE 29--12.0% COMPOUND RATE
-----------------------------------------------------------------------
 Days Factor Days Factor
-----------------------------------------------------------------------
 1 0.000328767
 2 0.000657642
 3 0.000986626
 4 0.001315717
 5 0.001644917
 6 0.001974225
 7 0.002303641
 8 0.002633165
 9 0.002962798
 10 0.003292539
 11 0.003622389
 12 0.003952347
 13 0.004282414
 14 0.004612589
 15 0.004942872
 16 0.005273264
 17 0.005603765
 18 0.005934375
 19 0.006265093
 20 0.006595920
 21 0.006926855
 22 0.007257900
 23 0.007589053
 24 0.007920315
 25 0.008251686
 26 0.008583166
 27 0.008914755
 28 0.009246453
 29 0.009578260
 30 0.009910176
 31 0.010242202
 32 0.010574336
 33 0.010906580
 34 0.011238933
 35 0.011571395
 36 0.011903966
 37 0.012236647
 38 0.012569437
 39 0.012902337
 40 0.013235346
 41 0.013568464
 42 0.013901692
 43 0.014235030
 44 0.014568477
 45 0.014902033
 46 0.015235700
 47 0.015569476
 48 0.015903362
 49 0.016237358
 50 0.016571463
 51 0.016905678
 52 0.017240003
 53 0.017574438
 54 0.017908983
 55 0.018243638
 56 0.018578404
 57 0.018913279
 58 0.019248264
 59 0.019583359
 60 0.019918565
 61 0.020253880
 62 0.020589306
 63 0.020924842
 64 0.021260489
 65 0.021596246
 66 0.021932113
 67 0.022268091
 68 0.022604179
 69 0.022940378
 70 0.023276687
 71 0.023613106
 72 0.023949637
 73 0.024286278
 74 0.024623029
 75 0.024959892
 76 0.025296865
 77 0.025633949
 78 0.025971144
 79 0.026308449
 80 0.026645866
 81 0.026983393
 82 0.027321031
 83 0.027658781
 84 0.027996641
 85 0.028334613
 86 0.028672695
 87 0.029010889
 88 0.029349194
 89 0.029687610
 90 0.030026138
 91 0.030364776
 92 0.030703526
 
 TABLE 31--13.0% COMPOUND RATE
-----------------------------------------------------------------------
 Days Factor Days Factor
-----------------------------------------------------------------------
 1 0.000356164
 2 0.000712456
 3 0.001068874
 4 0.001425419
 5 0.001782091
 6 0.002138890
 7 0.002495816
 8 0.002852869
 9 0.003210050
 10 0.003567358
 11 0.003924793
 12 0.004282355
 13 0.004640044
 14 0.004997861
 15 0.005355806
 16 0.005713878
 17 0.006072077
 18 0.006430404
 19 0.006788859
 20 0.007147441
 21 0.007506151
 22 0.007864989
 23 0.008223955
 24 0.008583048
 25 0.008942270
 26 0.009301619
 27 0.009661096
 28 0.010020702
 29 0.010380435
 30 0.010740296
 31 0.011100286
 32 0.011460404
 33 0.011820650
 34 0.012181025
 35 0.012541528
 36 0.012902159
 37 0.013262918
 38 0.013623807
 39 0.013984823
 40 0.014345969
 41 0.014707243
 42 0.015068645
 43 0.015430176
 44 0.015791836
 45 0.016153625
 46 0.016515543
 47 0.016877590
 48 0.017239765
 49 0.017602070
 50 0.017964503
 51 0.018327066
 52 0.018689758
 53 0.019052579
 54 0.019415529
 55 0.019778609
 56 0.020141818
 57 0.020505156
 58 0.020868623
 59 0.021232220
 60 0.021595947
 61 0.021959803
 62 0.022323789
 63 0.022687904
 64 0.023052149
 65 0.023416524
 66 0.023781028
 67 0.024145663
 68 0.024510427
 69 0.024875321
 70 0.025240345
 71 0.025605499
 72 0.025970783
 73 0.026336198
 74 0.026701742
 75 0.027067417
 76 0.027433221
 77 0.027799156
 78 0.028165222
 79 0.028531418
 80 0.028897744
 81 0.029264201
 82 0.029630788
 83 0.029997506
 84 0.030364354
 85 0.030731333
 86 0.031098443
 87 0.031465684
 88 0.031833055
 89 0.032200557
 90 0.032568190
 91 0.032935954
 92 0.033303849 