
 TABLE 33--14.0% COMPOUND RATE
-----------------------------------------------------------------------
 Days Factor Days Factor
-----------------------------------------------------------------------
 1 0.000383562
 2 0.000767270
 3 0.001151126
 4 0.001535130
 5 0.001919280
 6 0.002303578
 7 0.002688023
 8 0.003072616
 9 0.003457356
 10 0.003842244
 11 0.004227279
 12 0.004612462
 13 0.004997793
 14 0.005383271
 15 0.005768898
 16 0.006154672
 17 0.006540595
 18 0.006926665
 19 0.007312883
 20 0.007699250
 21 0.008085765
 22 0.008472428
 23 0.008859239
 24 0.009246199
 25 0.009633307
 26 0.010020564
 27 0.010407969
 28 0.010795523
 29 0.011183225
 30 0.011571076
 31 0.011959076
 32 0.012347225
 33 0.012735522
 34 0.013123969
 35 0.013512564
 36 0.013901309
 37 0.014290202
 38 0.014679245
 39 0.015068437
 40 0.015457778
 41 0.015847269
 42 0.016236909
 43 0.016626699
 44 0.017016638
 45 0.017406726
 46 0.017796964
 47 0.018187352
 48 0.018577890
 49 0.018968577
 50 0.019359415
 51 0.019750402
 52 0.020141539
 53 0.020532826
 54 0.020924263
 55 0.021315851
 56 0.021707588
 57 0.022099476
 58 0.022491514
 59 0.022883703
 60 0.023276042
 61 0.023668531
 62 0.024061171
 63 0.024453962
 64 0.024846903
 65 0.025239995
 66 0.025633238
 67 0.026026631
 68 0.026420176
 69 0.026813871
 70 0.027207718
 71 0.027601715
 72 0.027995864
 73 0.028390164
 74 0.028784615
 75 0.029179217
 76 0.029573971
 77 0.029968876
 78 0.030363932
 79 0.030759140
 80 0.031154500
 81 0.031550011
 82 0.031945674
 83 0.032341489
 84 0.032737456
 85 0.033133574
 86 0.033529845
 87 0.033926267
 88 0.034322841
 89 0.034719568
 90 0.035116447
 91 0.035513478
 92 0.035910661 

 TABLE 35--15.0% COMPOUND RATE
-----------------------------------------------------------------------
 Days Factor Days Factor
-----------------------------------------------------------------------
 1 0.000410959
 2 0.000822087
 3 0.001233383
 4 0.001644849
 5 0.002056484
 6 0.002468288
 7 0.002880261
 8 0.003292404
 9 0.003704716
 10 0.004117197
 11 0.004529848
 12 0.004942669
 13 0.005355659
 14 0.005768819
 15 0.006182148
 16 0.006595648
 17 0.007009317
 18 0.007423157
 19 0.007837166
 20 0.008251346
 21 0.008665696
 22 0.009080216
 23 0.009494906
 24 0.009909767
 25 0.010324799
 26 0.010740001
 27 0.011155373
 28 0.011570917
 29 0.011986631
 30 0.012402516
 31 0.012818571
 32 0.013234798
 33 0.013651196
 34 0.014067765
 35 0.014484505
 36 0.014901417
 37 0.015318500
 38 0.015735754
 39 0.016153179
 40 0.016570777
 41 0.016988545
 42 0.017406486
 43 0.017824598
 44 0.018242882
 45 0.018661338
 46 0.019079966
 47 0.019498766
 48 0.019917738
 49 0.020336882
 50 0.020756199
 51 0.021175688
 52 0.021595349
 53 0.022015183
 54 0.022435189
 55 0.022855368
 56 0.023275719
 57 0.023696244
 58 0.024116941
 59 0.024537811
 60 0.024958854
 61 0.025380070
 62 0.025801459
 63 0.026223021
 64 0.026644756
 65 0.027066665
 66 0.027488747
 67 0.027911003
 68 0.028333432
 69 0.028756035
 70 0.029178811
 71 0.029601762
 72 0.030024886
 73 0.030448184
 74 0.030871655
 75 0.031295301
 76 0.031719121
 77 0.032143115
 78 0.032567284
 79 0.032991627
 80 0.033416144
 81 0.033840835
 82 0.034265701
 83 0.034690742
 84 0.035115957
 85 0.035541348
 86 0.035966913
 87 0.036392652
 88 0.036818567
 89 0.037244657
 90 0.037670922
 91 0.038097362
 92 0.038523977 

 TABLE 37--16.0% COMPOUND RATE
-----------------------------------------------------------------------
 Days Factor Days Factor
-----------------------------------------------------------------------
 1 0.000438356
 2 0.000876904
 3 0.001315645
 4 0.001754578
 5 0.002193703
 6 0.002633021
 7 0.003072531
 8 0.003512234
 9 0.003952130
 10 0.004392219
 11 0.004832500
 12 0.005272975
 13 0.005713642
 14 0.006154503
 15 0.006595557
 16 0.007036805
 17 0.007478245
 18 0.007919880
 19 0.008361708
 20 0.008803729
 21 0.009245944
 22 0.009688354
 23 0.010130957
 24 0.010573754
 25 0.011016745
 26 0.011459931
 27 0.011903310
 28 0.012346884
 29 0.012790653
 30 0.013234616
 31 0.013678773
 32 0.014123126
 33 0.014567673
 34 0.015012415
 35 0.015457352
 36 0.015902484
 37 0.016347811
 38 0.016793333
 39 0.017239051
 40 0.017684964
 41 0.018131072
 42 0.018577376
 43 0.019023876
 44 0.019470572
 45 0.019917463
 46 0.020364550
 47 0.020811833
 48 0.021259312
 49 0.021706987
 50 0.022154859
 51 0.022602927
 52 0.023051191
 53 0.023499652
 54 0.023948309
 55 0.024397163
 56 0.024846214
 57 0.025295462
 58 0.025744906
 59 0.026194548
 60 0.026644387
 61 0.027094423
 62 0.027544656
 63 0.027995086
 64 0.028445714
 65 0.028896540
 66 0.029347563
 67 0.029798784
 68 0.030250202
 69 0.030701819
 70 0.031153634
 71 0.031605646
 72 0.032057857
 73 0.032510266
 74 0.032962873
 75 0.033415679
 76 0.033868683
 77 0.034321885
 78 0.034775287
 79 0.035228887
 80 0.035682686
 81 0.036136684
 82 0.036590881
 83 0.037045277
 84 0.037499872
 85 0.037954666
 86 0.038409660
 87 0.038864853
 88 0.039320246
 89 0.039775839
 90 0.040231631
 91 0.040687623
 92 0.041143815 

 TABLE 39--17.0% COMPOUND RATE
-----------------------------------------------------------------------
 Days Factor Days Factor
-----------------------------------------------------------------------
 1 0.000465753
 2 0.000931724
 3 0.001397911
 4 0.001864316
 5 0.002330937
 6 0.002797776
 7 0.003264833
 8 0.003732107
 9 0.004199599
 10 0.004667308
 11 0.005135235
 12 0.005603380
 13 0.006071744
 14 0.006540325
 15 0.007009125
 16 0.007478143
 17 0.007947379
 18 0.008416834
 19 0.008886508
 20 0.009356400
 21 0.009826511
 22 0.010296841
 23 0.010767390
 24 0.011238159
 25 0.011709146
 26 0.012180353
 27 0.012651780
 28 0.013123426
 29 0.013595292
 30 0.014067377
 31 0.014539683
 32 0.015012208
 33 0.015484953
 34 0.015957919
 35 0.016431105
 36 0.016904511
 37 0.017378138
 38 0.017851985
 39 0.018326053
 40 0.018800342
 41 0.019274852
 42 0.019749582
 43 0.020224534
 44 0.020699707
 45 0.021175102
 46 0.021650718
 47 0.022126555
 48 0.022602614
 49 0.023078895
 50 0.023555397
 51 0.024032121
 52 0.024509068
 53 0.024986237
 54 0.025463627
 55 0.025941241
 56 0.026419076
 57 0.026897134
 58 0.027375415
 59 0.027853919
 60 0.028332645
 61 0.028811595
 62 0.029290767
 63 0.029770163
 64 0.030249782
 65 0.030729624
 66 0.031209690
 67 0.031689980
 68 0.032170493
 69 0.032651230
 70 0.033132191
 71 0.033613376
 72 0.034094784
 73 0.034576418
 74 0.035058275
 75 0.035540357
 76 0.036022664
 77 0.036505195
 78 0.036987951
 79 0.037470931
 80 0.037954137
 81 0.038437568
 82 0.038921223
 83 0.039405105
 84 0.039889211
 85 0.040373543
 86 0.040858101
 87 0.041342884
 88 0.041827893
 89 0.042313128
 90 0.042798589
 91 0.043284276
 92 0.043770189 

 TABLE 41--18.0% COMPOUND RATE
-----------------------------------------------------------------------
 Days Factor Days Factor
-----------------------------------------------------------------------
 1 0.000493151
 2 0.000986545
 3 0.001480182
 4 0.001974062
 5 0.002468187
 6 0.002962554
 7 0.003457166
 8 0.003952022
 9 0.004447121
 10 0.004942465
 11 0.005438053
 12 0.005933886
 13 0.006429963
 14 0.006926284
 15 0.007422851
 16 0.007919662
 17 0.008416718
 18 0.008914020
 19 0.009411566
 20 0.009909358
 21 0.010407396
 22 0.010905679
 23 0.011404208
 24 0.011902982
 25 0.012402003
 26 0.012901270
 27 0.013400783
 28 0.013900542
 29 0.014400548
 30 0.014900800
 31 0.015401299
 32 0.015902045
 33 0.016403038
 34 0.016904278
 35 0.017405765
 36 0.017907499
 37 0.018409481
 38 0.018911710
 39 0.019414187
 40 0.019916912
 41 0.020419885
 42 0.020923105
 43 0.021426574
 44 0.021930292
 45 0.022434257
 46 0.022938471
 47 0.023442934
 48 0.023947646
 49 0.024452606
 50 0.024957816
 51 0.025463274
 52 0.025968982
 53 0.026474940
 54 0.026981146
 55 0.027487603
 56 0.027994309
 57 0.028501265
 58 0.029008471
 59 0.029515927
 60 0.030023634
 61 0.030531591
 62 0.031039798
 63 0.031548256
 64 0.032056965
 65 0.032565924
 66 0.033075135
 67 0.033584597
 68 0.034094310
 69 0.034604274
 70 0.035114490
 71 0.035624957
 72 0.036135676
 73 0.036646647
 74 0.037157870
 75 0.037669346
 76 0.038181073
 77 0.038693053
 78 0.039205285
 79 0.039717770
 80 0.040230507
 81 0.040743498
 82 0.041256741
 83 0.041770237
 84 0.042283987
 85 0.042797990
 86 0.043312247
 87 0.043826757
 88 0.044341521
 89 0.044856538
 90 0.045371810
 91 0.045887336
 92 0.046403116 
 TABLE 43--19.0% COMPOUND RATE
-----------------------------------------------------------------------
 Days Factor Days Factor
-----------------------------------------------------------------------
 1 0.000520548
 2 0.001041367
 3 0.001562457
 4 0.002083818
 5 0.002605451
 6 0.003127355
 7 0.003649531
 8 0.004171979
 9 0.004694698
 10 0.005217690
 11 0.005740954
 12 0.006264490
 13 0.006788299
 14 0.007312381
 15 0.007836735
 16 0.008361363
 17 0.008886263
 18 0.009411437
 19 0.009936884
 20 0.010462604
 21 0.010988599
 22 0.011514867
 23 0.012041409
 24 0.012568225
 25 0.013095315
 26 0.013622680
 27 0.014150319
 28 0.014678233
 29 0.015206421
 30 0.015734885
 31 0.016263624
 32 0.016792638
 33 0.017321927
 34 0.017851492
 35 0.018381332
 36 0.018911449
 37 0.019441841
 38 0.019972509
 39 0.020503454
 40 0.021034675
 41 0.021566172
 42 0.022097947
 43 0.022629998
 44 0.023162325
 45 0.023694931
 46 0.024227813
 47 0.024760973
 48 0.025294410
 49 0.025828125
 50 0.026362117
 51 0.026896388
 52 0.027430937
 53 0.027965764
 54 0.028500869
 55 0.029036253
 56 0.029571916
 57 0.030107858
 58 0.030644078
 59 0.031180578
 60 0.031717357
 61 0.032254415
 62 0.032791753
 63 0.033329371
 64 0.033867268
 65 0.034405446
 66 0.034943903
 67 0.035482641
 68 0.036021660
 69 0.036560958
 70 0.037100538
 71 0.037640399
 72 0.038180540
 73 0.038720963
 74 0.039261667
 75 0.039802653
 76 0.040343920
 77 0.040885469
 78 0.041427299
 79 0.041969412
 80 0.042511807
 81 0.043054485
 82 0.043597445
 83 0.044140687
 84 0.044684212
 85 0.045228021
 86 0.045772112
 87 0.046316486
 88 0.046861144
 89 0.047406086
 90 0.047951311
 91 0.048496820
 92 0.049042613 
 TABLE 45--20.0% COMPOUND RATE
-----------------------------------------------------------------------
 Days Factor Days Factor
-----------------------------------------------------------------------

 1 0.000547945
 2 0.001096191
 3 0.001644737
 4 0.002193583
 5 0.002742730
 6 0.003292178
 7 0.003841927
 8 0.004391978
 9 0.004942329
 10 0.005492983
 11 0.006043938
 12 0.006595195
 13 0.007146754
 14 0.007698615
 15 0.008250779
 16 0.008803245
 17 0.009356014
 18 0.009909086
 19 0.010462460
 20 0.011016138
 21 0.011570120
 22 0.012124405
 23 0.012678994
 24 0.013233886
 25 0.013789083
 26 0.014344584
 27 0.014900389
 28 0.015456499
 29 0.016012913
 30 0.016569633
 31 0.017126657
 32 0.017683987
 33 0.018241622
 34 0.018799563
 35 0.019357809
 36 0.019916361
 37 0.020475219
 38 0.021034384
 39 0.021593855
 40 0.022153632
 41 0.022713716
 42 0.023274107
 43 0.023834806
 44 0.024395811
 45 0.024957124
 46 0.025518744
 47 0.026080672
 48 0.026642908
 49 0.027205452
 50 0.027768305
 51 0.028331465
 52 0.028894935
 53 0.029458713
 54 0.030022800
 55 0.030587196
 56 0.031151901
 57 0.031716916
 58 0.032282240
 59 0.032847874
 60 0.033413818
 61 0.033980072
 62 0.034546637
 63 0.035113512
 64 0.035680697
 65 0.036248193
 66 0.036816001
 67 0.037384119
 68 0.037952549
 69 0.038521290
 70 0.039090342
 71 0.039659707
 72 0.040229384
 73 0.040799372
 74 0.041369673
 75 0.041940287
 76 0.042511213
 77 0.043082452
 78 0.043654004
 79 0.044225869
 80 0.044798048
 81 0.045370540
 82 0.045943346
 83 0.046516465
 84 0.047089899
 85 0.047663647
 86 0.048237709
 87 0.048812086
 88 0.049386778
 89 0.049961784
 90 0.050537106
 91 0.051112742
 92 0.051688694 
 TABLE 47--21.0% COMPOUND RATE
-----------------------------------------------------------------------
 Days Factor Days Factor
-----------------------------------------------------------------------
 1 0.000575342
 2 0.001151016
 3 0.001727021
 4 0.002303357
 5 0.002880024
 6 0.003457024
 7 0.004034355
 8 0.004612019
 9 0.005190015
 10 0.005768343
 11 0.006347005
 12 0.006925999
 13 0.007505326
 14 0.008084987
 15 0.008664981
 16 0.009245309
 17 0.009825970
 18 0.010406966
 19 0.010988296
 20 0.011569961
 21 0.012151960
 22 0.012734294
 23 0.013316963
 24 0.013899967
 25 0.014483307
 26 0.015066982
 27 0.015650993
 28 0.016235340
 29 0.016820024
 30 0.017405043
 31 0.017990400
 32 0.018576093
 33 0.019162123
 34 0.019748490
 35 0.020335195
 36 0.020922237
 37 0.021509617
 38 0.022097335
 39 0.022685391
 40 0.023273785
 41 0.023862518
 42 0.024451590
 43 0.025041000
 44 0.025630750
 45 0.026220839
 46 0.026811267
 47 0.027402035
 48 0.027993143
 49 0.028584591
 50 0.029176380
 51 0.029768509
 52 0.030360978
 53 0.030953789
 54 0.031546940
 55 0.032140433
 56 0.032734267
 57 0.033328443
 58 0.033922961
 59 0.034517820
 60 0.035113022
 61 0.035708567
 62 0.036304454
 63 0.036900684
 64 0.037497257
 65 0.038094173
 66 0.038691433
 67 0.039289036
 68 0.039886983
 69 0.040485274
 70 0.041083910
 71 0.041682890
 72 0.042282214
 73 0.042881883
 74 0.043481897
 75 0.044082257
 76 0.044682962
 77 0.045284012
 78 0.045885409
 79 0.046487151
 80 0.047089239
 81 0.047691674
 82 0.048294456
 83 0.048897584
 84 0.049501059
 85 0.050104882
 86 0.050709052
 87 0.051313569
 88 0.051918435
 89 0.052523648
 90 0.053129210
 91 0.053735120
 92 0.054341378 
 TABLE 49--22.0% COMPOUND RATE
-----------------------------------------------------------------------
 Days Factor Days Factor
-----------------------------------------------------------------------

 1 0.000602740
 2 0.001205843
 3 0.001809309
 4 0.002413140
 5 0.003017334
 6 0.003621892
 7 0.004226815
 8 0.004832102
 9 0.005437755
 10 0.006043772
 11 0.006650154
 12 0.007256902
 13 0.007864016
 14 0.008471496
 15 0.009079342
 16 0.009687554
 17 0.010296133
 18 0.010905078
 19 0.011514391
 20 0.012124071
 21 0.012734118
 22 0.013344533
 23 0.013955316
 24 0.014566467
 25 0.015177987
 26 0.015789875
 27 0.016402132
 28 0.017014758
 29 0.017627753
 30 0.018241118
 31 0.018854852
 32 0.019468957
 33 0.020083431
 34 0.020698276
 35 0.021313491
 36 0.021929077
 37 0.022545035
 38 0.023161363
 39 0.023778063
 40 0.024395135
 41 0.025012578
 42 0.025630394
 43 0.026248582
 44 0.026867143
 45 0.027486077
 46 0.028105384
 47 0.028725064
 48 0.029345117
 49 0.029965544
 50 0.030586345
 51 0.031207521
 52 0.031829070
 53 0.032450995
 54 0.033073294
 55 0.033695968
 56 0.034319018
 57 0.034942443
 58 0.035566244
 59 0.036190421
 60 0.036814974
 61 0.037439904
 62 0.038065210
 63 0.038690893
 64 0.039316953
 65 0.039943391
 66 0.040570206
 67 0.041197399
 68 0.041824970
 69 0.042452919
 70 0.043081247
 71 0.043709954
 72 0.044339039
 73 0.044968504
 74 0.045598348
 75 0.046228571
 76 0.046859175
 77 0.047490159
 78 0.048121523
 79 0.048753267
 80 0.049385392
 81 0.050017899
 82 0.050650786
 83 0.051284055
 84 0.051917706
 85 0.052551738
 86 0.053186153
 87 0.053820950
 88 0.054456130
 89 0.055091693
 90 0.055727638
 91 0.056363967
 92 0.057000680 
 TABLE 51--23.0% COMPOUND RATE
-----------------------------------------------------------------------
 Days Factor Days Factor
-----------------------------------------------------------------------
 1 0.000630137
 2 0.001260671
 3 0.001891602
 4 0.002522931
 5 0.003154658
 6 0.003786783
 7 0.004419306
 8 0.005052228
 9 0.005685549
 10 0.006319268
 11 0.006953387
 12 0.007587906
 13 0.008222824
 14 0.008858143
 15 0.009493861
 16 0.010129981
 17 0.010766501
 18 0.011403423
 19 0.012040745
 20 0.012678470
 21 0.013316596
 22 0.013955124
 23 0.014594055
 24 0.015233388
 25 0.015873124
 26 0.016513263
 27 0.017153806
 28 0.017794752
 29 0.018436102
 30 0.019077856
 31 0.019720015
 32 0.020362578
 33 0.021005547
 34 0.021648920
 35 0.022292699
 36 0.022936883
 37 0.023581473
 38 0.024226470
 39 0.024871873
 40 0.025517683
 41 0.026163899
 42 0.026810523
 43 0.027457554
 44 0.028104993
 45 0.028752840
 46 0.029401096
 47 0.030049759
 48 0.030698832
 49 0.031348313
 50 0.031998204
 51 0.032648504
 52 0.033299214
 53 0.033950334
 54 0.034601865
 55 0.035253805
 56 0.035906157
 57 0.036558920
 58 0.037212094
 59 0.037865680
 60 0.038519677
 61 0.039174087
 62 0.039828909
 63 0.040484144
 64 0.041139791
 65 0.041795852
 66 0.042452326
 67 0.043109214
 68 0.043766515
 69 0.044424231
 70 0.045082362
 71 0.045740907
 72 0.046399867
 73 0.047059242
 74 0.047719033
 75 0.048379239
 76 0.049039862
 77 0.049700901
 78 0.050362356
 79 0.051024228
 80 0.051686517
 81 0.052349224
 82 0.053012348
 83 0.053675890
 84 0.054339850
 85 0.055004229
 86 0.055669026
 87 0.056334242
 88 0.056999877
 89 0.057665932
 90 0.058332407
 91 0.058999301
 92 0.059666616 
 TABLE 53--24.0% COMPOUND RATE
-----------------------------------------------------------------------
 Days Factor Days Factor
-----------------------------------------------------------------------
 1 0.000657534
 2 0.001315501
 3 0.001973900
 4 0.002632732
 5 0.003291998
 6 0.003951696
 7 0.004611829
 8 0.005272396
 9 0.005933397
 10 0.006594832
 11 0.007256703
 12 0.007919009
 13 0.008581750
 14 0.009244927
 15 0.009908540
 16 0.010572590
 17 0.011237076
 18 0.011901999
 19 0.012567359
 20 0.013233157
 21 0.013899392
 22 0.014566066
 23 0.015233178
 24 0.015900728
 25 0.016568718
 26 0.017237147
 27 0.017906015
 28 0.018575323
 29 0.019245071
 30 0.019915260
 31 0.020585889
 32 0.021256959
 33 0.021928470
 34 0.022600423
 35 0.023272818
 36 0.023945655
 37 0.024618934
 38 0.025292656
 39 0.025966821
 40 0.026641430
 41 0.027316482
 42 0.027991977
 43 0.028667917
 44 0.029344302
 45 0.030021131
 46 0.030698405
 47 0.031376125
 48 0.032054290
 49 0.032732901
 50 0.033411958
 51 0.034091462
 52 0.034771412
 53 0.035451810
 54 0.036132655
 55 0.036813948
 56 0.037495688
 57 0.038177877
 58 0.038860515
 59 0.039543601
 60 0.040227137
 61 0.040911122
 62 0.041595556
 63 0.042280441
 64 0.042965776
 65 0.043651562
 66 0.044337799
 67 0.045024486
 68 0.045711626
 69 0.046399217
 70 0.047087260
 71 0.047775756
 72 0.048464704
 73 0.049154106
 74 0.049843961
 75 0.050534269
 76 0.051225031
 77 0.051916248
 78 0.052607919
 79 0.053300044
 80 0.053992625
 81 0.054685662
 82 0.055379154
 83 0.056073101
 84 0.056767506
 85 0.057462367
 86 0.058157684
 87 0.058853459
 88 0.059549692
 89 0.060246382
 90 0.060943530
 91 0.061641137
 92 0.062339202 